519	
520	
521	
522	
523	
524	
532	
533	
534	
535	
536	
537	
538	
539	
540	
541	
542	
543	
544	
545	
546	
547	
548	
549	
550	
551	
552	
553	
554	
555	
556	
557	
558	
559	
560	
561	
562	
563	
564	
565	
566	
567	
568	
589	
590	
591	
592	
593	
594	
595	
596	
597	
598	
599	
600	
601	
602	
603	
604	
605	
606	
607	
608	
609	
610	
611	
612	
613	
614	
615	
616	
617	
618	
619	
620	
621	
622	
623	
624	
625	
626	
627	
628	
629	
630	
631	
632	
633	
634	
635	
636	
637	
638	
639	
640	
641	
642	
643	
644	
645	
660	
661	
662	
663	
664	
665	
666	
667	
668	
669	
670	
671	
672	
673	
674	
703	
704	
705	
706	
707	
708	
709	
710	
711	
712	
713	
714	
715	
716	
717	
718	
719	
720	
721	
722	
723	
724	
725	
726	
727	
728	
729	
730	
731	
732	
733	
734	
735	
736	
779	
780	
781	
782	
783	
784	
785	
786	
787	
788	
789	
790	
791	
792	
793	
794	
795	
796	
797	
798	
799	
800	
801	
802	
803	
804	
805	
806	
807	
808	
809	
810	
811	
812	
813	
814	
815	
816	
817	
818	
819	
820	
821	
822	
823	
824	
825	
826	
827	
828	
829	
830	
831	
832	
833	
834	
835	
836	
837	
838	
839	
840	
841	
842	
843	
844	
845	
846	
847	
848	
849	
867	
868	
869	
870	
871	
872	
873	
874	
875	
876	
877	
888	
889	
890	
891	
892	
893	
894	
895	
896	
897	
898	
899	
900	
901	
902	
903	
904	
938	
939	
940	
941	
942	
943	
944	
945	
946	
947	
948	
949	
950	
951	
952	
953	
954	
955	
956	
957	
958	
959	
960	
961	
962	
984	
985	
986	
987	
988	
989	
990	
991	
992	
993	
994	
995	
996	
997	
998	
999	
1000	
1001	
1002	
1003	
1004	
1005	
1006	
1007	
1008	
1009	
1010	
1011	
1012	
1013	
1014	
1015	
1016	
1042	
1043	
1044	
1045	
1046	
1047	
1048	
1049	
1081	
1082	
1083	
1084	
1085	
1086	
1087	
1088	
1089	
1090	
1091	
1092	
1093	
1094	
1095	
1096	
1097	
1098	
1099	
1100	
1101	
1102	
1103	
1104	
1105	
1106	
1107	
1108	
1109	
1110	
1111	
1112	
1113	
1114	
1115	
1116	
1138	
1139	
1140	
1141	
1142	
1143	
1144	
1145	
1146	
1160	
1161	
1162	
1163	
1164	
1165	
1166	
1167	
1168	
1169	
1170	
1171	
1172	
1173	
1174	
1175	
1176	
1192	
1193	
1194	
1195	
1196	
1197	
1198	
1199	
1200	
1201	
1202	
1203	
1204	
1205	
1206	
1207	
1208	
1240	
1241	
1242	
1243	
1244	
1245	
1246	
1247	
1248	
1249	
1250	
1251	
1252	
1253	
1254	
1255	
1256	
1257	
1258	
1259	
1260	
1261	
1262	
1263	
1264	
1265	
1266	
1267	
1284	
1285	
1286	
1287	
1288	
1289	
1290	
1291	
1292	
1293	
1294	
1295	
1296	
1297	
1298	
1299	
1300	
1301	
1302	
1303	
1304	
1334	
1335	
1336	
1337	
1338	
1339	
1340	
1341	
1342	
1343	
1344	
1345	
1346	
1347	
1348	
1349	
1350	
1351	
1352	
1353	
1387	
1388	
1389	
1390	
1391	
1392	
1393	
1394	
1395	
1396	
1397	
1398	
1399	
1400	
1401	
1425	
1426	
1427	
1428	
1429	
1430	
1431	
1432	
1433	
1434	
1435	
1436	
1437	
1438	
1439	
1440	
1452	
1453	
1454	
1455	
1456	
1457	
1458	
1459	
1460	
1461	
1478	
1479	
1480	
1481	
1482	
1483	
1484	
1485	
1486	
1487	
1488	
1498	
1499	
1500	
1501	
1502	
1503	
1504	
1505	
1506	
1507	
1508	
1509	
1510	
1511	
1512	
1526	
1527	
1528	
1529	
1530	
1531	
1532	
1533	
1534	
1535	
1536	
1537	
1538	
1539	
1540	
1541	
1542	
1543	
1544	
1545	
1597	
1598	
1599	
1600	
1601	
1602	
1603	
1604	
1605	
1606	
1607	
1608	
1609	
1610	
1611	
1612	
1613	
1633	
1634	
1635	
1636	
1637	
1638	
1639	
1640	
1641	
1642	
1643	
1644	
1645	
1646	
1647	
1648	
1649	
1650	
1678	
1679	
1680	
1681	
1682	
1683	
1684	
1685	
1686	
1687	
1688	
1689	
1690	
1691	
1692	
1693	
1694	
1695	
1696	
1697	
1698	
1699	
1700	
1701	
1702	
1718	
1719	
1720	
1721	
1722	
1723	
1724	
1725	
1726	
1727	
1728	
1729	
1730	
1731	
1732	
1733	
1734	
1735	
1736	
1748	
1749	
1750	
1751	
1752	
1753	
1754	
1755	
1756	
1757	
1758	
1778	
1779	
1780	
1781	
1782	
1783	
1784	
1785	
1786	
1787	
1788	
1789	
1790	
1801	
1802	
1803	
1804	
1805	
1806	
1807	
1808	
1809	
1810	
1811	
1812	
1813	
1814	
1815	
1816	
1817	
1818	
1819	
1820	
1821	
1822	
1823	
1824	
1825	
1826	
1827	
1828	
1829	
1830	
1831	
1872	
1873	
1874	
1875	
1876	
1877	
1878	
1879	
1880	
1881	
1882	
1883	
1884	
1885	
1886	
1887	
1888	
1889	
1890	
